   1601  0.62500000E-06  0.10000000E+04  0.00000000E+00  0.35710000E+03
   1602  0.62500000E-06  0.10000000E+04  0.00000000E+00  0.35710000E+03
   1603  0.62500000E-06  0.10000000E+04  0.00000000E+00  0.35710000E+03
   1604  0.62500000E-06  0.10000000E+04  0.00000000E+00  0.35710000E+03
   1605  0.62500000E-06  0.10000000E+04  0.00000000E+00  0.35710000E+03
   1606  0.62500000E-06  0.10000000E+04  0.00000000E+00  0.35710000E+03
   1607  0.62500000E-06  0.10000000E+04  0.00000000E+00  0.35710000E+03
   1608  0.62500000E-06  0.10000000E+04  0.00000000E+00  0.35710000E+03
   1609  0.62500000E-06  0.10000000E+04  0.00000000E+00  0.35710000E+03
   1610  0.62500000E-06  0.10000000E+04  0.00000000E+00  0.35710000E+03
   1611  0.62500000E-06  0.10000000E+04  0.00000000E+00  0.35710000E+03
   1612  0.62500000E-06  0.10000000E+04  0.00000000E+00  0.35710000E+03
   1613  0.62500000E-06  0.10000000E+04  0.00000000E+00  0.35710000E+03
   1614  0.62500000E-06  0.10000000E+04  0.00000000E+00  0.35710000E+03
   1615  0.62500000E-06  0.10000000E+04  0.00000000E+00  0.35710000E+03
   1616  0.62500000E-06  0.10000000E+04  0.00000000E+00  0.35710000E+03
   1617  0.62500000E-06  0.10000000E+04  0.00000000E+00  0.35710000E+03
   1618  0.62500000E-06  0.10000000E+04  0.00000000E+00  0.35710000E+03
   1619  0.62500000E-06  0.10000000E+04  0.00000000E+00  0.35710000E+03
   1620  0.62500000E-06  0.10000000E+04  0.00000000E+00  0.35710000E+03
   1621  0.62500000E-06  0.10000000E+04  0.00000000E+00  0.35710000E+03
   1622  0.62500000E-06  0.10000000E+04  0.00000000E+00  0.35710000E+03
   1623  0.62500000E-06  0.10000000E+04  0.00000000E+00  0.35710000E+03
   1624  0.62500000E-06  0.10000000E+04  0.00000000E+00  0.35710000E+03
   1625  0.62500000E-06  0.10000000E+04  0.00000000E+00  0.35710000E+03
   1626  0.62500000E-06  0.10000000E+04  0.00000000E+00  0.35710000E+03
   1627  0.62500000E-06  0.10000000E+04  0.00000000E+00  0.35710000E+03
   1628  0.62500000E-06  0.10000000E+04  0.00000000E+00  0.35710000E+03
   1629  0.62500000E-06  0.10000000E+04  0.00000000E+00  0.35710000E+03
   1630  0.62500000E-06  0.10000000E+04  0.00000000E+00  0.35710000E+03
   1631  0.62500000E-06  0.10000000E+04  0.00000000E+00  0.35710000E+03
   1632  0.62500000E-06  0.10000000E+04  0.00000000E+00  0.35710000E+03
   1633  0.62500000E-06  0.10000000E+04  0.00000000E+00  0.35710000E+03
   1634  0.62500000E-06  0.10000000E+04  0.00000000E+00  0.35710000E+03
   1635  0.62500000E-06  0.10000000E+04  0.00000000E+00  0.35710000E+03
   1636  0.62500000E-06  0.10000000E+04  0.00000000E+00  0.35710000E+03
   1637  0.62500000E-06  0.10000000E+04  0.00000000E+00  0.35710000E+03
   1638  0.62500000E-06  0.10000000E+04  0.00000000E+00  0.35710000E+03
   1639  0.62500000E-06  0.10000000E+04  0.00000000E+00  0.35710000E+03
   1640  0.62500000E-06  0.10000000E+04  0.00000000E+00  0.35710000E+03
   1641  0.62500000E-06  0.10000000E+04  0.00000000E+00  0.35710000E+03
   1642  0.62500000E-06  0.10000000E+04  0.00000000E+00  0.35710000E+03
   1643  0.62500000E-06  0.10000000E+04  0.00000000E+00  0.35710000E+03
   1644  0.62500000E-06  0.10000000E+04  0.00000000E+00  0.35710000E+03
   1645  0.62500000E-06  0.10000000E+04  0.00000000E+00  0.35710000E+03
   1646  0.62500000E-06  0.10000000E+04  0.00000000E+00  0.35710000E+03
   1647  0.62500000E-06  0.10000000E+04  0.00000000E+00  0.35710000E+03
   1648  0.62500000E-06  0.10000000E+04  0.00000000E+00  0.35710000E+03
   1649  0.62500000E-06  0.10000000E+04  0.00000000E+00  0.35710000E+03
   1650  0.62500000E-06  0.10000000E+04  0.00000000E+00  0.35710000E+03
   1651  0.62500000E-06  0.10000000E+04  0.00000000E+00  0.35710000E+03
   1652  0.62500000E-06  0.10000000E+04  0.00000000E+00  0.35710000E+03
   1653  0.62500000E-06  0.10000000E+04  0.00000000E+00  0.35710000E+03
   1654  0.62500000E-06  0.10000000E+04  0.00000000E+00  0.35710000E+03
   1655  0.62500000E-06  0.10000000E+04  0.00000000E+00  0.35710000E+03
   1656  0.62500000E-06  0.10000000E+04  0.00000000E+00  0.35710000E+03
   1657  0.62500000E-06  0.10000000E+04  0.00000000E+00  0.35710000E+03
   1658  0.62500000E-06  0.10000000E+04  0.00000000E+00  0.35710000E+03
   1659  0.62500000E-06  0.10000000E+04  0.00000000E+00  0.35710000E+03
   1660  0.62500000E-06  0.10000000E+04  0.00000000E+00  0.35710000E+03
   1661  0.62500000E-06  0.10000000E+04  0.00000000E+00  0.35710000E+03
   1662  0.62500000E-06  0.10000000E+04  0.00000000E+00  0.35710000E+03
   1663  0.62500000E-06  0.10000000E+04  0.00000000E+00  0.35710000E+03
   1664  0.62500000E-06  0.10000000E+04  0.00000000E+00  0.35710000E+03
   1665  0.62500000E-06  0.10000000E+04  0.00000000E+00  0.35710000E+03
   1666  0.62500000E-06  0.10000000E+04  0.00000000E+00  0.35710000E+03
   1667  0.62500000E-06  0.10000000E+04  0.00000000E+00  0.35710000E+03
   1668  0.62500000E-06  0.10000000E+04  0.00000000E+00  0.35710000E+03
   1669  0.62500000E-06  0.10000000E+04  0.00000000E+00  0.35710000E+03
   1670  0.62500000E-06  0.10000000E+04  0.00000000E+00  0.35710000E+03
   1671  0.62500000E-06  0.10000000E+04  0.00000000E+00  0.35710000E+03
   1672  0.62500000E-06  0.10000000E+04  0.00000000E+00  0.35710000E+03
   1673  0.62500000E-06  0.10000000E+04  0.00000000E+00  0.35710000E+03
   1674  0.62500000E-06  0.10000000E+04  0.00000000E+00  0.35710000E+03
   1675  0.62500000E-06  0.10000000E+04  0.00000000E+00  0.35710000E+03
   1676  0.62500000E-06  0.10000000E+04  0.00000000E+00  0.35710000E+03
   1677  0.62500000E-06  0.10000000E+04  0.00000000E+00  0.35710000E+03
   1678  0.62500000E-06  0.10000000E+04  0.00000000E+00  0.35710000E+03
   1679  0.62500000E-06  0.10000000E+04  0.00000000E+00  0.35710000E+03
   1680  0.62500000E-06  0.10000000E+04  0.00000000E+00  0.35710000E+03
   1681  0.62500000E-06  0.10000000E+04  0.00000000E+00  0.35710000E+03
   1682  0.62500000E-06  0.10000000E+04  0.00000000E+00  0.35710000E+03
   1683  0.62500000E-06  0.10000000E+04  0.00000000E+00  0.35710000E+03
   1684  0.62500000E-06  0.10000000E+04  0.00000000E+00  0.35710000E+03
   1685  0.62500000E-06  0.10000000E+04  0.00000000E+00  0.35710000E+03
   1686  0.62500000E-06  0.10000000E+04  0.00000000E+00  0.35710000E+03
   1687  0.62500000E-06  0.10000000E+04  0.00000000E+00  0.35710000E+03
   1688  0.62500000E-06  0.10000000E+04  0.00000000E+00  0.35710000E+03
   1689  0.62500000E-06  0.10000000E+04  0.00000000E+00  0.35710000E+03
   1690  0.62500000E-06  0.10000000E+04  0.00000000E+00  0.35710000E+03
   1691  0.62500000E-06  0.10000000E+04  0.00000000E+00  0.35710000E+03
   1692  0.62500000E-06  0.10000000E+04  0.00000000E+00  0.35710000E+03
   1693  0.62500000E-06  0.10000000E+04  0.00000000E+00  0.35710000E+03
   1694  0.62500000E-06  0.10000000E+04  0.00000000E+00  0.35710000E+03
   1695  0.62500000E-06  0.10000000E+04  0.00000000E+00  0.35710000E+03
   1696  0.62500000E-06  0.10000000E+04  0.00000000E+00  0.35710000E+03
   1697  0.62500000E-06  0.10000000E+04  0.00000000E+00  0.35710000E+03
   1698  0.62500000E-06  0.10000000E+04  0.00000000E+00  0.35710000E+03
   1699  0.62500000E-06  0.10000000E+04  0.00000000E+00  0.35710000E+03
   1700  0.62500000E-06  0.10000000E+04  0.00000000E+00  0.35710000E+03
   1701  0.62500000E-06  0.10000000E+04  0.00000000E+00  0.35710000E+03
   1702  0.62500000E-06  0.10000000E+04  0.00000000E+00  0.35710000E+03
   1703  0.62500000E-06  0.10000000E+04  0.00000000E+00  0.35710000E+03
   1704  0.62500000E-06  0.10000000E+04  0.00000000E+00  0.35710000E+03
   1705  0.62500000E-06  0.10000000E+04  0.00000000E+00  0.35710000E+03
   1706  0.62500000E-06  0.10000000E+04  0.00000000E+00  0.35710000E+03
   1707  0.62500000E-06  0.10000000E+04  0.00000000E+00  0.35710000E+03
   1708  0.62500000E-06  0.10000000E+04  0.00000000E+00  0.35710000E+03
   1709  0.62500000E-06  0.10000000E+04  0.00000000E+00  0.35710000E+03
   1710  0.62500000E-06  0.10000000E+04  0.00000000E+00  0.35710000E+03
   1711  0.62500000E-06  0.10000000E+04  0.00000000E+00  0.35710000E+03
   1712  0.62500000E-06  0.10000000E+04  0.00000000E+00  0.35710000E+03
   1713  0.62500000E-06  0.10000000E+04  0.00000000E+00  0.35710000E+03
   1714  0.62500000E-06  0.10000000E+04  0.00000000E+00  0.35710000E+03
   1715  0.62500000E-06  0.10000000E+04  0.00000000E+00  0.35710000E+03
   1716  0.62500000E-06  0.10000000E+04  0.00000000E+00  0.35710000E+03
   1717  0.62500000E-06  0.10000000E+04  0.00000000E+00  0.35710000E+03
   1718  0.62500000E-06  0.10000000E+04  0.00000000E+00  0.35710000E+03
   1719  0.62500000E-06  0.10000000E+04  0.00000000E+00  0.35710000E+03
   1720  0.62500000E-06  0.10000000E+04  0.00000000E+00  0.35710000E+03
   1721  0.62500000E-06  0.10000000E+04  0.00000000E+00  0.35710000E+03
   1722  0.62500000E-06  0.10000000E+04  0.00000000E+00  0.35710000E+03
   1723  0.62500000E-06  0.10000000E+04  0.00000000E+00  0.35710000E+03
   1724  0.62500000E-06  0.10000000E+04  0.00000000E+00  0.35710000E+03
   1725  0.62500000E-06  0.10000000E+04  0.00000000E+00  0.35710000E+03
   1726  0.62500000E-06  0.10000000E+04  0.00000000E+00  0.35710000E+03
   1727  0.62500000E-06  0.10000000E+04  0.00000000E+00  0.35710000E+03
   1728  0.62500000E-06  0.10000000E+04  0.00000000E+00  0.35710000E+03
   1729  0.62500000E-06  0.10000000E+04  0.00000000E+00  0.35710000E+03
   1730  0.62500000E-06  0.10000000E+04  0.00000000E+00  0.35710000E+03
   1731  0.62500000E-06  0.10000000E+04  0.00000000E+00  0.35710000E+03
   1732  0.62500000E-06  0.10000000E+04  0.00000000E+00  0.35710000E+03
   1733  0.62500000E-06  0.10000000E+04  0.00000000E+00  0.35710000E+03
   1734  0.62500000E-06  0.10000000E+04  0.00000000E+00  0.35710000E+03
   1735  0.62500000E-06  0.10000000E+04  0.00000000E+00  0.35710000E+03
   1736  0.62500000E-06  0.10000000E+04  0.00000000E+00  0.35710000E+03
   1737  0.62500000E-06  0.10000000E+04  0.00000000E+00  0.35710000E+03
   1738  0.62500000E-06  0.10000000E+04  0.00000000E+00  0.35710000E+03
   1739  0.62500000E-06  0.10000000E+04  0.00000000E+00  0.35710000E+03
   1740  0.62500000E-06  0.10000000E+04  0.00000000E+00  0.35710000E+03
   1741  0.62500000E-06  0.10000000E+04  0.00000000E+00  0.35710000E+03
   1742  0.62500000E-06  0.10000000E+04  0.00000000E+00  0.35710000E+03
   1743  0.62500000E-06  0.10000000E+04  0.00000000E+00  0.35710000E+03
   1744  0.62500000E-06  0.10000000E+04  0.00000000E+00  0.35710000E+03
   1745  0.62500000E-06  0.10000000E+04  0.00000000E+00  0.35710000E+03
   1746  0.62500000E-06  0.10000000E+04  0.00000000E+00  0.35710000E+03
   1747  0.62500000E-06  0.10000000E+04  0.00000000E+00  0.35710000E+03
   1748  0.62500000E-06  0.10000000E+04  0.00000000E+00  0.35710000E+03
   1749  0.62500000E-06  0.10000000E+04  0.00000000E+00  0.35710000E+03
   1750  0.62500000E-06  0.10000000E+04  0.00000000E+00  0.35710000E+03
   1751  0.62500000E-06  0.10000000E+04  0.00000000E+00  0.35710000E+03
   1752  0.62500000E-06  0.10000000E+04  0.00000000E+00  0.35710000E+03
   1753  0.62500000E-06  0.10000000E+04  0.00000000E+00  0.35710000E+03
   1754  0.62500000E-06  0.10000000E+04  0.00000000E+00  0.35710000E+03
   1755  0.62500000E-06  0.10000000E+04  0.00000000E+00  0.35710000E+03
   1756  0.62500000E-06  0.10000000E+04  0.00000000E+00  0.35710000E+03
   1757  0.62500000E-06  0.10000000E+04  0.00000000E+00  0.35710000E+03
   1758  0.62500000E-06  0.10000000E+04  0.00000000E+00  0.35710000E+03
   1759  0.62500000E-06  0.10000000E+04  0.00000000E+00  0.35710000E+03
   1760  0.62500000E-06  0.10000000E+04  0.00000000E+00  0.35710000E+03
   1761  0.62500000E-06  0.10000000E+04  0.00000000E+00  0.35710000E+03
   1762  0.62500000E-06  0.10000000E+04  0.00000000E+00  0.35710000E+03
   1763  0.62500000E-06  0.10000000E+04  0.00000000E+00  0.35710000E+03
   1764  0.62500000E-06  0.10000000E+04  0.00000000E+00  0.35710000E+03
   1765  0.62500000E-06  0.10000000E+04  0.00000000E+00  0.35710000E+03
   1766  0.62500000E-06  0.10000000E+04  0.00000000E+00  0.35710000E+03
   1767  0.62500000E-06  0.10000000E+04  0.00000000E+00  0.35710000E+03
   1768  0.62500000E-06  0.10000000E+04  0.00000000E+00  0.35710000E+03
   1769  0.62500000E-06  0.10000000E+04  0.00000000E+00  0.35710000E+03
   1770  0.62500000E-06  0.10000000E+04  0.00000000E+00  0.35710000E+03
   1771  0.62500000E-06  0.10000000E+04  0.00000000E+00  0.35710000E+03
   1772  0.62500000E-06  0.10000000E+04  0.00000000E+00  0.35710000E+03
   1773  0.62500000E-06  0.10000000E+04  0.00000000E+00  0.35710000E+03
   1774  0.62500000E-06  0.10000000E+04  0.00000000E+00  0.35710000E+03
   1775  0.62500000E-06  0.10000000E+04  0.00000000E+00  0.35710000E+03
   1776  0.62500000E-06  0.10000000E+04  0.00000000E+00  0.35710000E+03
   1777  0.62500000E-06  0.10000000E+04  0.00000000E+00  0.35710000E+03
   1778  0.62500000E-06  0.10000000E+04  0.00000000E+00  0.35710000E+03
   1779  0.62500000E-06  0.10000000E+04  0.00000000E+00  0.35710000E+03
   1780  0.62500000E-06  0.10000000E+04  0.00000000E+00  0.35710000E+03
   1781  0.62500000E-06  0.10000000E+04  0.00000000E+00  0.35710000E+03
   1782  0.62500000E-06  0.10000000E+04  0.00000000E+00  0.35710000E+03
   1783  0.62500000E-06  0.10000000E+04  0.00000000E+00  0.35710000E+03
   1784  0.62500000E-06  0.10000000E+04  0.00000000E+00  0.35710000E+03
   1785  0.62500000E-06  0.10000000E+04  0.00000000E+00  0.35710000E+03
   1786  0.62500000E-06  0.10000000E+04  0.00000000E+00  0.35710000E+03
   1787  0.62500000E-06  0.10000000E+04  0.00000000E+00  0.35710000E+03
   1788  0.62500000E-06  0.10000000E+04  0.00000000E+00  0.35710000E+03
   1789  0.62500000E-06  0.10000000E+04  0.00000000E+00  0.35710000E+03
   1790  0.62500000E-06  0.10000000E+04  0.00000000E+00  0.35710000E+03
   1791  0.62500000E-06  0.10000000E+04  0.00000000E+00  0.35710000E+03
   1792  0.62500000E-06  0.10000000E+04  0.00000000E+00  0.35710000E+03
   1793  0.62500000E-06  0.10000000E+04  0.00000000E+00  0.35710000E+03
   1794  0.62500000E-06  0.10000000E+04  0.00000000E+00  0.35710000E+03
   1795  0.62500000E-06  0.10000000E+04  0.00000000E+00  0.35710000E+03
   1796  0.62500000E-06  0.10000000E+04  0.00000000E+00  0.35710000E+03
   1797  0.62500000E-06  0.10000000E+04  0.00000000E+00  0.35710000E+03
   1798  0.62500000E-06  0.10000000E+04  0.00000000E+00  0.35710000E+03
   1799  0.62500000E-06  0.10000000E+04  0.00000000E+00  0.35710000E+03
   1800  0.62500000E-06  0.10000000E+04  0.00000000E+00  0.35710000E+03
   1801  0.62500000E-06  0.10000000E+04  0.00000000E+00  0.35710000E+03
   1802  0.62500000E-06  0.10000000E+04  0.00000000E+00  0.35710000E+03
   1803  0.62500000E-06  0.10000000E+04  0.00000000E+00  0.35710000E+03
   1804  0.62500000E-06  0.10000000E+04  0.00000000E+00  0.35710000E+03
   1805  0.62500000E-06  0.10000000E+04  0.00000000E+00  0.35710000E+03
   1806  0.62500000E-06  0.10000000E+04  0.00000000E+00  0.35710000E+03
   1807  0.62500000E-06  0.10000000E+04  0.00000000E+00  0.35710000E+03
   1808  0.62500000E-06  0.10000000E+04  0.00000000E+00  0.35710000E+03
   1809  0.62500000E-06  0.10000000E+04  0.00000000E+00  0.35710000E+03
   1810  0.62500000E-06  0.10000000E+04  0.00000000E+00  0.35710000E+03
   1811  0.62500000E-06  0.10000000E+04  0.00000000E+00  0.35710000E+03
   1812  0.62500000E-06  0.10000000E+04  0.00000000E+00  0.35710000E+03
   1813  0.62500000E-06  0.10000000E+04  0.00000000E+00  0.35710000E+03
   1814  0.62500000E-06  0.10000000E+04  0.00000000E+00  0.35710000E+03
   1815  0.62500000E-06  0.10000000E+04  0.00000000E+00  0.35710000E+03
   1816  0.62500000E-06  0.10000000E+04  0.00000000E+00  0.35710000E+03
   1817  0.62500000E-06  0.10000000E+04  0.00000000E+00  0.35710000E+03
   1818  0.62500000E-06  0.10000000E+04  0.00000000E+00  0.35710000E+03
   1819  0.62500000E-06  0.10000000E+04  0.00000000E+00  0.35710000E+03
   1820  0.62500000E-06  0.10000000E+04  0.00000000E+00  0.35710000E+03
   1821  0.62500000E-06  0.10000000E+04  0.00000000E+00  0.35710000E+03
   1822  0.62500000E-06  0.10000000E+04  0.00000000E+00  0.35710000E+03
   1823  0.62500000E-06  0.10000000E+04  0.00000000E+00  0.35710000E+03
   1824  0.62500000E-06  0.10000000E+04  0.00000000E+00  0.35710000E+03
   1825  0.62500000E-06  0.10000000E+04  0.00000000E+00  0.35710000E+03
   1826  0.62500000E-06  0.10000000E+04  0.00000000E+00  0.35710000E+03
   1827  0.62500000E-06  0.10000000E+04  0.00000000E+00  0.35710000E+03
   1828  0.62500000E-06  0.10000000E+04  0.00000000E+00  0.35710000E+03
   1829  0.62500000E-06  0.10000000E+04  0.00000000E+00  0.35710000E+03
   1830  0.62500000E-06  0.10000000E+04  0.00000000E+00  0.35710000E+03
   1831  0.62500000E-06  0.10000000E+04  0.00000000E+00  0.35710000E+03
   1832  0.62500000E-06  0.10000000E+04  0.00000000E+00  0.35710000E+03
   1833  0.62500000E-06  0.10000000E+04  0.00000000E+00  0.35710000E+03
   1834  0.62500000E-06  0.10000000E+04  0.00000000E+00  0.35710000E+03
   1835  0.62500000E-06  0.10000000E+04  0.00000000E+00  0.35710000E+03
   1836  0.62500000E-06  0.10000000E+04  0.00000000E+00  0.35710000E+03
   1837  0.62500000E-06  0.10000000E+04  0.00000000E+00  0.35710000E+03
   1838  0.62500000E-06  0.10000000E+04  0.00000000E+00  0.35710000E+03
   1839  0.62500000E-06  0.10000000E+04  0.00000000E+00  0.35710000E+03
   1840  0.62500000E-06  0.10000000E+04  0.00000000E+00  0.35710000E+03
   1841  0.62500000E-06  0.10000000E+04  0.00000000E+00  0.35710000E+03
   1842  0.62500000E-06  0.10000000E+04  0.00000000E+00  0.35710000E+03
   1843  0.62500000E-06  0.10000000E+04  0.00000000E+00  0.35710000E+03
   1844  0.62500000E-06  0.10000000E+04  0.00000000E+00  0.35710000E+03
   1845  0.62500000E-06  0.10000000E+04  0.00000000E+00  0.35710000E+03
   1846  0.62500000E-06  0.10000000E+04  0.00000000E+00  0.35710000E+03
   1847  0.62500000E-06  0.10000000E+04  0.00000000E+00  0.35710000E+03
   1848  0.62500000E-06  0.10000000E+04  0.00000000E+00  0.35710000E+03
   1849  0.62500000E-06  0.10000000E+04  0.00000000E+00  0.35710000E+03
   1850  0.62500000E-06  0.10000000E+04  0.00000000E+00  0.35710000E+03
   1851  0.62500000E-06  0.10000000E+04  0.00000000E+00  0.35710000E+03
   1852  0.62500000E-06  0.10000000E+04  0.00000000E+00  0.35710000E+03
   1853  0.62500000E-06  0.10000000E+04  0.00000000E+00  0.35710000E+03
   1854  0.62500000E-06  0.10000000E+04  0.00000000E+00  0.35710000E+03
   1855  0.62500000E-06  0.10000000E+04  0.00000000E+00  0.35710000E+03
   1856  0.62500000E-06  0.10000000E+04  0.00000000E+00  0.35710000E+03
   1857  0.62500000E-06  0.10000000E+04  0.00000000E+00  0.35710000E+03
   1858  0.62500000E-06  0.10000000E+04  0.00000000E+00  0.35710000E+03
   1859  0.62500000E-06  0.10000000E+04  0.00000000E+00  0.35710000E+03
   1860  0.62500000E-06  0.10000000E+04  0.00000000E+00  0.35710000E+03
   1861  0.62500000E-06  0.10000000E+04  0.00000000E+00  0.35710000E+03
   1862  0.62500000E-06  0.10000000E+04  0.00000000E+00  0.35710000E+03
   1863  0.62500000E-06  0.10000000E+04  0.00000000E+00  0.35710000E+03
   1864  0.62500000E-06  0.10000000E+04  0.00000000E+00  0.35710000E+03
   1865  0.62500000E-06  0.10000000E+04  0.00000000E+00  0.35710000E+03
   1866  0.62500000E-06  0.10000000E+04  0.00000000E+00  0.35710000E+03
   1867  0.62500000E-06  0.10000000E+04  0.00000000E+00  0.35710000E+03
   1868  0.62500000E-06  0.10000000E+04  0.00000000E+00  0.35710000E+03
   1869  0.62500000E-06  0.10000000E+04  0.00000000E+00  0.35710000E+03
   1870  0.62500000E-06  0.10000000E+04  0.00000000E+00  0.35710000E+03
   1871  0.62500000E-06  0.10000000E+04  0.00000000E+00  0.35710000E+03
   1872  0.62500000E-06  0.10000000E+04  0.00000000E+00  0.35710000E+03
   1873  0.62500000E-06  0.10000000E+04  0.00000000E+00  0.35710000E+03
   1874  0.62500000E-06  0.10000000E+04  0.00000000E+00  0.35710000E+03
   1875  0.62500000E-06  0.10000000E+04  0.00000000E+00  0.35710000E+03
   1876  0.62500000E-06  0.10000000E+04  0.00000000E+00  0.35710000E+03
   1877  0.62500000E-06  0.10000000E+04  0.00000000E+00  0.35710000E+03
   1878  0.62500000E-06  0.10000000E+04  0.00000000E+00  0.35710000E+03
   1879  0.62500000E-06  0.10000000E+04  0.00000000E+00  0.35710000E+03
   1880  0.62500000E-06  0.10000000E+04  0.00000000E+00  0.35710000E+03
   1881  0.62500000E-06  0.10000000E+04  0.00000000E+00  0.35710000E+03
   1882  0.62500000E-06  0.10000000E+04  0.00000000E+00  0.35710000E+03
   1883  0.62500000E-06  0.10000000E+04  0.00000000E+00  0.35710000E+03
   1884  0.62500000E-06  0.10000000E+04  0.00000000E+00  0.35710000E+03
   1885  0.62500000E-06  0.10000000E+04  0.00000000E+00  0.35710000E+03
   1886  0.62500000E-06  0.10000000E+04  0.00000000E+00  0.35710000E+03
   1887  0.62500000E-06  0.10000000E+04  0.00000000E+00  0.35710000E+03
   1888  0.62500000E-06  0.10000000E+04  0.00000000E+00  0.35710000E+03
   1889  0.62500000E-06  0.10000000E+04  0.00000000E+00  0.35710000E+03
   1890  0.62500000E-06  0.10000000E+04  0.00000000E+00  0.35710000E+03
   1891  0.62500000E-06  0.10000000E+04  0.00000000E+00  0.35710000E+03
   1892  0.62500000E-06  0.10000000E+04  0.00000000E+00  0.35710000E+03
   1893  0.62500000E-06  0.10000000E+04  0.00000000E+00  0.35710000E+03
   1894  0.62500000E-06  0.10000000E+04  0.00000000E+00  0.35710000E+03
   1895  0.62500000E-06  0.10000000E+04  0.00000000E+00  0.35710000E+03
   1896  0.62500000E-06  0.10000000E+04  0.00000000E+00  0.35710000E+03
   1897  0.62500000E-06  0.10000000E+04  0.00000000E+00  0.35710000E+03
   1898  0.62500000E-06  0.10000000E+04  0.00000000E+00  0.35710000E+03
   1899  0.62500000E-06  0.10000000E+04  0.00000000E+00  0.35710000E+03
   1900  0.62500000E-06  0.10000000E+04  0.00000000E+00  0.35710000E+03
   1901  0.62500000E-06  0.10000000E+04  0.00000000E+00  0.35710000E+03
   1902  0.62500000E-06  0.10000000E+04  0.00000000E+00  0.35710000E+03
   1903  0.62500000E-06  0.10000000E+04  0.00000000E+00  0.35710000E+03
   1904  0.62500000E-06  0.10000000E+04  0.00000000E+00  0.35710000E+03
   1905  0.62500000E-06  0.10000000E+04  0.00000000E+00  0.35710000E+03
   1906  0.62500000E-06  0.10000000E+04  0.00000000E+00  0.35710000E+03
   1907  0.62500000E-06  0.10000000E+04  0.00000000E+00  0.35710000E+03
   1908  0.62500000E-06  0.10000000E+04  0.00000000E+00  0.35710000E+03
   1909  0.62500000E-06  0.10000000E+04  0.00000000E+00  0.35710000E+03
   1910  0.62500000E-06  0.10000000E+04  0.00000000E+00  0.35710000E+03
   1911  0.62500000E-06  0.10000000E+04  0.00000000E+00  0.35710000E+03
   1912  0.62500000E-06  0.10000000E+04  0.00000000E+00  0.35710000E+03
   1913  0.62500000E-06  0.10000000E+04  0.00000000E+00  0.35710000E+03
   1914  0.62500000E-06  0.10000000E+04  0.00000000E+00  0.35710000E+03
   1915  0.62500000E-06  0.10000000E+04  0.00000000E+00  0.35710000E+03
   1916  0.62500000E-06  0.10000000E+04  0.00000000E+00  0.35710000E+03
   1917  0.62500000E-06  0.10000000E+04  0.00000000E+00  0.35710000E+03
   1918  0.62500000E-06  0.10000000E+04  0.00000000E+00  0.35710000E+03
   1919  0.62500000E-06  0.10000000E+04  0.00000000E+00  0.35710000E+03
   1920  0.62500000E-06  0.10000000E+04  0.00000000E+00  0.35710000E+03
